

=====  Instance1_qlearning_d1  =====
Assignment      : [[4, 9, 14, 19, 24, 29], [2, 7, 12, 17, 22, 27], [1, 6, 11, 16, 21, 26], [0, 5, 10, 15, 20, 25], [3, 8, 13, 18, 23, 28]]
Reward_per_gate : [0, 0, 0, 0, 0]
Total_reward    : 0

=====  Instance1_qlearning_d2  =====
Assignment      : [[0, 5, 10, 15, 20, 25], [1, 6, 11, 16, 21, 26], [3, 8, 13, 18, 23, 28], [4, 9, 14, 19, 24, 29], [2, 7, 12, 17, 22, 27]]
Reward_per_gate : [0, 0, 0, 0, 0]
Total_reward    : 0

=====  Instance1_qlearning_d3  =====
Assignment      : [[1, 6, 11, 16, 21, 26], [4, 9, 14, 19, 24, 29], [0, 5, 10, 15, 20, 25], [2, 7, 12, 17, 22, 27], [3, 8, 13, 18, 23, 28]]
Reward_per_gate : [0, 0, 0, 0, 0]
Total_reward    : 0

=====  Instance1_qlearning_d4  =====
Assignment      : [[4, 8, 13, 21, 24, 29], [0, 3, 7, 11, 15, 18, 26], [2, 6, 10, 14, 17, 20, 25], [1, 5, 9, 23, 28], [12, 16, 19, 22, 27]]
Reward_per_gate : [-6.0, -29.0, -29.0, -3.0, -18.0]
Total_reward    : -85.0

=====  Instance1_qlearning_d5  =====
Assignment      : [[1, 9, 14, 18, 23, 27], [5, 8, 13, 17, 22, 26], [0, 4, 10, 19, 28], [2, 6, 11, 15, 20, 24, 29], [3, 7, 12, 16, 21, 25]]
Reward_per_gate : [-2.0, -13.0, -1.0, -3.0, -3.0]
Total_reward    : -22.0

=====  Instance2_qlearning_d1  =====
Assignment      : [[], [], [0, 1, 2, 3, 4, 5, 6, 7, 8, 9, 10, 11, 12, 13, 14, 15, 16, 17, 18, 19, 20, 21, 22, 23, 24, 25, 26, 27, 28, 29], [], []]
Reward_per_gate : [0, 0, -5744.0, 0, 0]
Total_reward    : -5744.0

=====  Instance2_qlearning_d2  =====
Assignment      : [[0, 2, 4, 5, 6, 7, 8, 9, 10, 12, 13, 14, 15, 16, 17, 18, 19, 21, 22, 23, 24, 25, 26, 27, 28], [1, 3, 11, 20, 29], [], [], []]
Reward_per_gate : [-3835.0, -34.0, 0, 0, 0]
Total_reward    : -3869.0

=====  Instance2_qlearning_d3  =====
Assignment      : [[3, 11], [0, 5], [2], [4, 7, 8, 9, 10, 12, 13, 14, 15, 16, 17, 18, 19, 20, 21], [1, 6, 22, 23, 24, 25, 26, 27, 28, 29]]
Reward_per_gate : [0, -5.0, 0, -1335.0, -383.0]
Total_reward    : -1723.0

=====  Instance2_qlearning_d4  =====
Assignment      : [[4, 7, 18, 20, 24, 26], [0, 9, 13, 15, 17, 22], [1, 8, 10, 14, 16, 27], [2, 5, 11, 12, 25, 29], [3, 6, 19, 21, 23, 28]]
Reward_per_gate : [-105.0, -106.0, -108.0, -87.0, -86.0]
Total_reward    : -492.0

=====  Instance2_qlearning_d5  =====
Assignment      : [[3, 8, 20, 22, 24, 27], [0, 4, 13, 14, 15, 16, 17], [5, 9, 10, 11, 12], [2, 7, 19, 21, 26, 29], [1, 6, 18, 23, 25, 28]]
Reward_per_gate : [-75.0, -171.0, -104.0, -61.0, -52.0]
Total_reward    : -463.0

=====  Instance3_qlearning_d1  =====
Assignment      : [[], [], [0, 1, 2, 3, 4, 5, 6, 7, 8, 9, 10, 11, 12, 13, 14, 15, 16, 17, 18, 19, 20, 21, 22, 23, 24, 25, 26, 27, 28, 29], [], []]
Reward_per_gate : [0, 0, -5501.0, 0, 0]
Total_reward    : -5501.0

=====  Instance3_qlearning_d2  =====
Assignment      : [[1, 6], [3, 7], [4, 5, 8, 9, 10, 11, 12, 13, 14], [0, 15, 16, 17, 18], [2, 19, 20, 21, 22, 23, 24, 25, 26, 27, 28, 29]]
Reward_per_gate : [-4.0, -2.0, -493.0, -69.0, -784.0]
Total_reward    : -1352.0

=====  Instance3_qlearning_d3  =====
Assignment      : [[3, 6, 12, 13, 14, 15, 17, 18, 19, 21, 22, 23, 24, 25, 26, 27, 28, 29], [1, 7, 8, 9, 10], [2, 5, 16, 20], [0, 11], [4]]
Reward_per_gate : [-1542.0, -101.0, -17.0, 0, 0]
Total_reward    : -1660.0

=====  Instance3_qlearning_d4  =====
Assignment      : [[6, 13, 17, 20, 24], [1, 5, 15, 19, 21, 23], [0, 4, 11, 18, 26, 28], [2, 7, 12, 14, 25, 27], [3, 8, 9, 10, 16, 22, 29]]
Reward_per_gate : [-57.0, -92.0, -74.0, -91.0, -155.0]
Total_reward    : -469.0

=====  greedyAgent  =====
Assignment      : [[0, 5, 10, 15, 20, 25], [1, 6, 11, 16, 21, 26], [2, 7, 12, 17, 22, 27], [3, 8, 13, 18, 23, 28], [4, 9, 14, 19, 24, 29]]
Reward_per_gate : [0.0, 0.0, 0.0, 0.0, 0.0]
Total_reward    : 0.0

=====  Instance1_greedy  =====
Assignment      : [[0, 5, 10, 15, 20, 25], [1, 6, 11, 16, 21, 26], [2, 7, 12, 17, 22, 27], [3, 8, 13, 18, 23, 28], [4, 9, 14, 19, 24, 29]]
Reward_per_gate : [0.0, 0.0, 0.0, 0.0, 0.0]
Total_reward    : 0.0

=====  Instance2_greedy  =====
Assignment      : [[0, 5, 10, 15, 20, 25], [1, 6, 11, 16, 21, 26], [2, 7, 12, 17, 22, 27], [3, 8, 13, 18, 23, 28], [4, 9, 14, 19, 24, 29]]
Reward_per_gate : [-89.0, -81.0, -88.0, -94.0, -100.0]
Total_reward    : -452.0

=====  Instance3_greedy  =====
Assignment      : [[0, 5, 11, 16, 21, 26], [1, 7, 13, 17, 22, 27], [2, 6, 9, 14, 18, 23, 28], [3, 8, 12, 19, 24, 29], [4, 10, 15, 20, 25]]
Reward_per_gate : [-78.0, -89.0, -96.0, -84.0, -63.0]
Total_reward    : -410.0

=====  Instance1_greedy  =====
Assignment      : [[0, 5, 10, 15, 20, 25], [1, 6, 11, 16, 21, 26], [2, 7, 12, 17, 22, 27], [3, 8, 13, 18, 23, 28], [4, 9, 14, 19, 24, 29]]
Reward_per_gate : [0.0, 0.0, 0.0, 0.0, 0.0]
Total_reward    : 0.0

=====  Instance1_greedy  =====
Assignment      : [[0, 5, 10, 15, 20, 25], [1, 6, 11, 16, 21, 26], [2, 7, 12, 17, 22, 27], [3, 8, 13, 18, 23, 28], [4, 9, 14, 19, 24, 29]]
Reward_per_gate : [0.0, 0.0, 0.0, 0.0, 0.0]
Total_reward    : 0.0

=====  Instance2_greedy  =====
Assignment      : [[0, 5, 10, 15, 20, 25], [1, 6, 11, 16, 21, 26], [2, 7, 12, 17, 22, 27], [3, 8, 13, 18, 23, 28], [4, 9, 14, 19, 24, 29]]
Reward_per_gate : [-75.0, -75.0, -75.0, -75.0, -75.0]
Total_reward    : -375.0

=====  Instance3_greedy  =====
Assignment      : [[0, 5, 11, 16, 21, 26], [1, 7, 13, 17, 22, 27], [2, 6, 9, 14, 18, 23, 28], [3, 8, 12, 19, 24, 29], [4, 10, 15, 20, 25]]
Reward_per_gate : [-78.0, -89.0, -96.0, -84.0, -63.0]
Total_reward    : -410.0

****   Time    : 2022-06-11 15:44:45.069324

=====  Instance1_greedy  =====
Assignment      : [[0, 5, 10, 15, 20, 25], [1, 6, 11, 16, 21, 26], [2, 7, 12, 17, 22, 27], [3, 8, 13, 18, 23, 28], [4, 9, 14, 19, 24, 29]]
Reward_per_gate : [0.0, 0.0, 0.0, 0.0, 0.0]
Total_reward    : 0.0

=====  Instance2_greedy  =====
Assignment      : [[0, 5, 10, 15, 20, 25], [1, 6, 11, 16, 21, 26], [2, 7, 12, 17, 22, 27], [3, 8, 13, 18, 23, 28], [4, 9, 14, 19, 24, 29]]
Reward_per_gate : [-75.0, -75.0, -75.0, -75.0, -75.0]
Total_reward    : -375.0

=====  Instance3_greedy  =====
Assignment      : [[0, 5, 11, 16, 21, 26], [1, 7, 13, 17, 22, 27], [2, 6, 9, 14, 18, 23, 28], [3, 8, 12, 19, 24, 29], [4, 10, 15, 20, 25]]
Reward_per_gate : [-78.0, -89.0, -96.0, -84.0, -63.0]
Total_reward    : -410.0

**************    Time: 2022-06-11 15:45:57.969895    **************

=====  Instance1_greedy  =====
Assignment      : [[0, 5, 10, 15, 20, 25], [1, 6, 11, 16, 21, 26], [2, 7, 12, 17, 22, 27], [3, 8, 13, 18, 23, 28], [4, 9, 14, 19, 24, 29]]
Reward_per_gate : [0.0, 0.0, 0.0, 0.0, 0.0]
Total_reward    : 0.0

=====  Instance2_greedy  =====
Assignment      : [[0, 5, 10, 15, 20, 25], [1, 6, 11, 16, 21, 26], [2, 7, 12, 17, 22, 27], [3, 8, 13, 18, 23, 28], [4, 9, 14, 19, 24, 29]]
Reward_per_gate : [-75.0, -75.0, -75.0, -75.0, -75.0]
Total_reward    : -375.0

=====  Instance3_greedy  =====
Assignment      : [[0, 5, 11, 16, 21, 26], [1, 7, 13, 17, 22, 27], [2, 6, 9, 14, 18, 23, 28], [3, 8, 12, 19, 24, 29], [4, 10, 15, 20, 25]]
Reward_per_gate : [-78.0, -89.0, -96.0, -84.0, -63.0]
Total_reward    : -410.0


**************    Time: 2022-06-11 15:53:14.274966    **************

=====  Instance1_DQN  =====
Assignment      : [[0, 5, 10, 15, 20, 25], [1, 6, 11, 16, 21, 26], [4, 9, 14, 19, 24, 29], [2, 7, 12, 17, 22, 27], [3, 8, 13, 18, 23, 28]]
Reward_per_gate : [0.0, 0.0, 0.0, 0.0, 0.0]
Total_reward    : 0.0

=====  Instance2_DQN  =====
Assignment      : [[0, 5, 10, 15, 20, 25], [4, 9, 14, 19, 24, 29], [3, 8, 13, 18, 23, 28], [1, 6, 11, 16, 21, 26], [2, 7, 12, 17, 22, 27]]
Reward_per_gate : [-75.0, -75.0, -75.0, -75.0, -75.0]
Total_reward    : -375.0

=====  Instance3_DQN  =====
Assignment      : [[3, 7, 13, 17, 22, 27], [2, 6, 9, 14, 19, 24, 29], [1, 8, 12, 18, 23, 28], [4, 10, 15, 20, 26], [0, 5, 11, 16, 21, 25]]
Reward_per_gate : [-89.0, -94.0, -86.0, -63.0, -78.0]
Total_reward    : -410.0

=====  Instance1_greedy  =====
Assignment      : [[0, 5, 10, 15, 20, 25], [1, 6, 11, 16, 21, 26], [2, 7, 12, 17, 22, 27], [3, 8, 13, 18, 23, 28], [4, 9, 14, 19, 24, 29]]
Reward_per_gate : [0.0, 0.0, 0.0, 0.0, 0.0]
Total_reward    : 0.0

=====  Instance2_greedy  =====
Assignment      : [[0, 5, 10, 15, 20, 25], [1, 6, 11, 16, 21, 26], [2, 7, 12, 17, 22, 27], [3, 8, 13, 18, 23, 28], [4, 9, 14, 19, 24, 29]]
Reward_per_gate : [-75.0, -75.0, -75.0, -75.0, -75.0]
Total_reward    : -375.0

=====  Instance3_greedy  =====
Assignment      : [[0, 5, 11, 16, 21, 26], [1, 7, 13, 17, 22, 27], [2, 6, 9, 14, 18, 23, 28], [3, 8, 12, 19, 24, 29], [4, 10, 15, 20, 25]]
Reward_per_gate : [-78.0, -89.0, -96.0, -84.0, -63.0]
Total_reward    : -410.0


**************    Time: 2022-06-11 16:00:10.971024    **************

=====  Instance1_qlearning_d1  =====
Assignment      : [[4, 9, 14, 19, 24, 29], [2, 7, 12, 17, 22, 27], [3, 8, 13, 18, 23, 28], [0, 5, 10, 15, 20, 25], [1, 6, 11, 16, 21, 26]]
Reward_per_gate : [0, 0, 0, 0, 0]
Total_reward    : 0

=====  Instance1_qlearning_d2  =====
Assignment      : [[0, 5, 10, 15, 20, 25], [2, 7, 12, 17, 22, 27], [4, 9, 14, 19, 24, 29], [1, 6, 11, 16, 21, 26], [3, 8, 13, 18, 23, 28]]
Reward_per_gate : [0, 0, 0, 0, 0]
Total_reward    : 0

=====  Instance1_qlearning_d3  =====
Assignment      : [[4, 9, 14, 19, 24, 29], [0, 5, 10, 15, 20, 25], [3, 8, 13, 18, 23, 28], [2, 7, 12, 17, 22, 27], [1, 6, 11, 16, 21, 26]]
Reward_per_gate : [0, 0, 0, 0, 0]
Total_reward    : 0

=====  Instance1_qlearning_d4  =====
Assignment      : [[0, 4, 9, 14, 19, 24, 29], [6, 11, 16, 21, 26], [3, 8, 13, 18, 23, 28], [1, 5, 10, 15, 20, 25], [2, 7, 12, 17, 22, 27]]
Reward_per_gate : [-1.0, 0, 0, -1.0, 0]
Total_reward    : -2.0

=====  Instance1_qlearning_d5  =====
Assignment      : [[0, 4, 8, 12, 18, 22, 27], [2, 6, 10, 16, 20, 25, 29], [5, 14, 23], [1, 9, 13, 15, 19, 24, 28], [3, 7, 11, 17, 21, 26]]
Reward_per_gate : [-7.0, -5.0, 0, -27.0, -4.0]
Total_reward    : -43.0

=====  Instance2_qlearning_d1  =====
Assignment      : [[], [1, 2, 3, 4, 5, 6, 7], [], [8, 9, 10, 11, 12, 13, 14, 15, 16, 17, 18, 19, 20, 21, 22, 23, 24, 25, 26, 27, 28, 29], [0]]
Reward_per_gate : [0, -273.0, 0, -3003.0, 0]
Total_reward    : -3276.0

=====  Instance2_qlearning_d2  =====
Assignment      : [[], [4, 11, 19, 26], [0, 2, 3, 5, 7, 8, 9, 10, 12, 13, 15, 16, 17, 18, 20, 22, 23, 24, 25, 27, 28], [], [1, 6, 14, 21, 29]]
Reward_per_gate : [0, -2.0, -2542.0, 0, -18.0]
Total_reward    : -2562.0

=====  Instance2_qlearning_d3  =====
Assignment      : [[], [0, 3, 12, 13, 14, 15, 16], [], [2, 5], [1, 4, 6, 7, 8, 9, 10, 11, 17, 18, 19, 20, 21, 22, 23, 24, 25, 26, 27, 28, 29]]
Reward_per_gate : [0, -169.0, 0, -9.0, -2482.0]
Total_reward    : -2660.0

=====  Instance2_qlearning_d4  =====
Assignment      : [[0, 6, 10, 13, 20, 25, 28], [4, 9, 12, 17, 24, 27], [3, 8, 15, 19, 23, 26], [1, 7, 11, 18, 21, 29], [2, 5, 14, 16, 22]]
Reward_per_gate : [-111.0, -87.0, -73.0, -63.0, -52.0]
Total_reward    : -386.0

=====  Instance2_qlearning_d5  =====
Assignment      : [[1, 5, 7, 13, 19, 26], [4, 10, 15, 18, 25, 29], [2, 8, 14, 16, 21, 27], [0, 6, 11, 20, 22, 24], [3, 9, 12, 17, 23, 28]]
Reward_per_gate : [-95.0, -71.0, -73.0, -59.0, -77.0]
Total_reward    : -375.0

=====  Instance3_qlearning_d1  =====
Assignment      : [[], [], [], [0, 1, 2, 3, 4, 5, 6, 7, 8, 9, 10, 11, 12, 13, 14, 15, 16, 17, 18, 19, 20, 21, 22, 23, 24, 25, 26, 27, 28, 29], []]
Reward_per_gate : [0, 0, 0, -5501.0, 0]
Total_reward    : -5501.0

=====  Instance3_qlearning_d2  =====
Assignment      : [[0], [1, 6, 7, 8, 9, 10, 11, 12, 13, 14, 15, 16, 17, 18, 19, 20, 21, 22, 23, 24, 25, 26, 27, 28], [2], [], [3, 4, 5, 29]]
Reward_per_gate : [0, -3291.0, 0, 0, -38.0]
Total_reward    : -3329.0

=====  Instance3_qlearning_d3  =====
Assignment      : [[1, 6, 8, 11, 12, 13, 14], [4, 20, 22, 27], [3, 7, 16, 17, 18], [0, 5, 15, 21, 23, 24, 25, 26, 29], [2, 9, 10, 19, 28]]
Reward_per_gate : [-158.0, -35.0, -71.0, -248.0, -50.0]
Total_reward    : -562.0

=====  Instance3_qlearning_d4  =====
Assignment      : [[5, 10, 13, 16, 18, 26], [1, 4, 11, 19, 25, 27], [0, 3, 9, 14, 21, 23], [2, 7, 12, 15, 17, 28], [6, 8, 20, 22, 24, 29]]
Reward_per_gate : [-130.0, -95.0, -68.0, -98.0, -80.0]
Total_reward    : -471.0

=====  Instance3_qlearning_d5  =====
Assignment      : [[0, 4, 13, 18, 22, 25], [6, 10, 14, 17, 19, 29], [1, 5, 7, 21, 26], [3, 9, 12, 16, 23], [2, 8, 11, 15, 20, 24, 27, 28]]
Reward_per_gate : [-71.0, -86.0, -74.0, -64.0, -188.0]
Total_reward    : -483.0



##############################
Instance 3 -> Instance 4
Instance 3 <- New Instance with smaller uneven processing time
##############################






**************    Time: 2022-06-11 19:24:05.519499    **************


**************  Start  Time: 2022-06-11 19:26:01.482279    **************

=====  Instance1_qlearning_d1  =====
Assignment      : [[3, 8, 13, 18, 23, 28], [1, 6, 11, 16, 21, 26], [4, 9, 14, 19, 24, 29], [0, 5, 10, 15, 20, 25], [2, 7, 12, 17, 22, 27]]
Reward_per_gate : [0, 0, 0, 0, 0]
Total_reward    : 0

=====  Instance1_qlearning_d2  =====
Assignment      : [[2, 6, 11, 15, 20, 24, 29], [3, 7, 12, 16, 21, 25], [0, 4, 8, 13, 17, 22, 26], [9, 18, 27], [1, 5, 10, 14, 19, 23, 28]]
Reward_per_gate : [-3.0, -3.0, -9.0, 0, -3.0]
Total_reward    : -18.0

=====  Instance1_qlearning_d3  =====
Assignment      : [[1, 6, 11, 16, 21, 26], [4, 9, 14, 19, 24, 29], [2, 7, 12, 17, 22, 27], [0, 5, 10, 15, 20, 25], [3, 8, 13, 18, 23, 28]]
Reward_per_gate : [0, 0, 0, 0, 0]
Total_reward    : 0

=====  Instance1_qlearning_d4  =====
Assignment      : [[2, 7, 12, 17, 22, 27], [1, 6, 11, 16, 21, 26], [3, 8, 13, 18, 23, 28], [4, 9, 14, 19, 24, 29], [0, 5, 10, 15, 20, 25]]
Reward_per_gate : [0, 0, 0, 0, 0]
Total_reward    : 0

=====  Instance1_qlearning_d5  =====
Assignment      : [[0, 5, 9, 17, 26], [2, 8, 16, 21, 25], [1, 7, 11, 14, 19, 23, 28], [3, 6, 10, 13, 18, 22, 27], [4, 12, 15, 20, 24, 29]]
Reward_per_gate : [-1.0, -1.0, -15.0, -33.0, -10.0]
Total_reward    : -60.0

=====  Instance2_qlearning_d1  =====
Assignment      : [[], [], [], [], [0, 1, 2, 3, 4, 5, 6, 7, 8, 9, 10, 11, 12, 13, 14, 15, 16, 17, 18, 19, 20, 21, 22, 23, 24, 25, 26, 27, 28, 29]]
Reward_per_gate : [0, 0, 0, 0, -5655.0]
Total_reward    : -5655.0

=====  Instance2_qlearning_d2  =====
Assignment      : [[], [], [], [], [0, 1, 2, 3, 4, 5, 6, 7, 8, 9, 10, 11, 12, 13, 14, 15, 16, 17, 18, 19, 20, 21, 22, 23, 24, 25, 26, 27, 28, 29]]
Reward_per_gate : [0, 0, 0, 0, -5655.0]
Total_reward    : -5655.0

=====  Instance2_qlearning_d3  =====
Assignment      : [[0, 4, 11, 14, 20, 28], [1, 6, 8, 17, 21, 29], [5, 7, 15, 18, 25], [3, 9, 13, 16, 23], [2, 10, 12, 19, 22, 24, 26, 27]]
Reward_per_gate : [-71.0, -73.0, -60.0, -52.0, -175.0]
Total_reward    : -431.0

=====  Instance2_qlearning_d4  =====
Assignment      : [[2, 8, 13, 15, 17, 28], [0, 4, 10, 18, 20, 27], [1, 7, 11, 19, 21, 29], [3, 6, 14, 22, 24, 26], [5, 9, 12, 16, 23, 25]]
Reward_per_gate : [-83.0, -67.0, -61.0, -71.0, -105.0]
Total_reward    : -387.0

=====  Instance2_qlearning_d5  =====
Assignment      : [[3, 8, 10, 19, 23, 29], [4, 9, 13, 20, 24], [0, 6, 11, 16, 18, 26], [1, 5, 12, 14, 21, 25, 28], [2, 7, 15, 17, 22, 27]]
Reward_per_gate : [-77.0, -50.0, -71.0, -117.0, -69.0]
Total_reward    : -384.0

=====  Instance3_qlearning_d1  =====
Assignment      : [[5, 10, 13, 15, 19, 26, 29], [2, 7, 12, 21, 25], [0, 3, 8, 11, 17, 23, 27], [4, 9, 16, 22, 24], [1, 6, 14, 18, 20, 28]]
Reward_per_gate : [-43.0, -12.0, -18.0, -15.0, -7.0]
Total_reward    : -95.0

=====  Instance3_qlearning_d2  =====
Assignment      : [[2, 5, 14, 16, 20, 27], [0, 3, 7, 13, 17, 22, 25], [6, 9, 11, 21, 23, 28], [1, 4, 8, 15, 19, 26], [10, 12, 18, 24, 29]]
Reward_per_gate : [-9.0, -21.0, -16.0, -17.0, -22.0]
Total_reward    : -85.0

=====  Instance3_qlearning_d3  =====
Assignment      : [[7, 18, 22, 25], [0, 3, 6, 10, 15, 17, 24, 28], [8, 12, 16, 20], [2, 5, 11, 14, 19, 23, 26], [1, 4, 9, 13, 21, 27, 29]]
Reward_per_gate : [0, -10.0, -22.0, -14.0, -35.0]
Total_reward    : -81.0

=====  Instance3_qlearning_d4  =====
Assignment      : [[2, 6, 15, 17, 21, 23, 28], [0, 4, 8, 11, 16, 26, 29], [1, 5, 9, 13, 19, 25], [12, 14, 20, 27], [3, 7, 10, 18, 22, 24]]
Reward_per_gate : [-24.0, -25.0, -30.0, -21.0, -32.0]
Total_reward    : -132.0

=====  Instance3_qlearning_d5  =====
Assignment      : [[3, 7, 17, 20, 28], [5, 9, 15, 22, 24, 29], [1, 11, 14, 16, 21, 27], [2, 6, 8, 13, 18, 23, 25], [0, 4, 10, 12, 19, 26]]
Reward_per_gate : [-5.0, -20.0, -17.0, -14.0, -20.0]
Total_reward    : -76.0

=====  Instance4_qlearning_d1  =====
Assignment      : [[0, 1, 2, 3, 4, 5, 6, 7, 8, 9, 10, 11, 12, 13, 14, 15, 16, 17, 18, 19, 20, 21, 22, 23, 24, 25, 26, 27, 28, 29], [], [], [], []]
Reward_per_gate : [-5929.0, 0, 0, 0, 0]
Total_reward    : -5929.0

=====  Instance4_qlearning_d2  =====
Assignment      : [[5, 11, 18, 19, 28], [1, 13, 21], [4, 6, 14, 15, 16, 17, 22, 23, 24, 25, 26, 27, 29], [7, 12, 20], [0, 2, 3, 8, 9, 10]]
Reward_per_gate : [-77.0, -4.0, -827.0, -3.0, -175.0]
Total_reward    : -1086.0

=====  Instance4_qlearning_d3  =====
Assignment      : [[1, 6, 28], [2, 11, 19, 20, 21], [3, 7, 8, 9, 10, 13, 14, 15, 16, 17], [0, 5, 18, 29], [4, 12, 22, 23, 24, 25, 26, 27]]
Reward_per_gate : [-6.0, -70.0, -466.0, -12.0, -223.0]
Total_reward    : -777.0

=====  Instance4_qlearning_d4  =====
Assignment      : [[4, 19, 21, 23, 26], [3, 7, 9, 15, 18, 22, 27], [0, 5, 11, 13, 17, 24], [2, 8, 12, 20, 28], [1, 6, 10, 14, 16, 25, 29]]
Reward_per_gate : [-70.0, -133.0, -126.0, -45.0, -160.0]
Total_reward    : -534.0

=====  Instance4_qlearning_d5  =====
Assignment      : [[1, 6, 11, 16, 24, 28], [3, 7, 8, 10, 12, 13, 14], [4, 15, 21, 23, 25, 29], [2, 9, 18, 20, 26], [0, 5, 17, 19, 22, 27]]
Reward_per_gate : [-95.0, -185.0, -91.0, -51.0, -78.0]
Total_reward    : -500.0

=====  Instance1_DQN  =====
Assignment      : [[4, 9, 14, 19, 24, 29], [3, 8, 13, 18, 23, 28], [1, 6, 11, 16, 21, 26], [0, 5, 10, 15, 20, 25], [2, 7, 12, 17, 22, 27]]
Reward_per_gate : [0.0, 0.0, 0.0, 0.0, 0.0]
Total_reward    : 0.0

=====  Instance2_DQN  =====
Assignment      : [[1, 6, 11, 16, 21, 26], [4, 9, 14, 19, 24, 29], [2, 7, 12, 17, 23, 28], [0, 5, 10, 15, 20, 25], [3, 8, 13, 18, 22, 27]]
Reward_per_gate : [-75.0, -75.0, -71.0, -75.0, -79.0]
Total_reward    : -375.0

=====  Instance3_DQN  =====
Assignment      : [[1, 5, 11, 14, 19, 24], [7, 13, 18, 22, 26], [3, 6, 9, 15, 17, 23, 28, 29], [2, 8, 12, 21, 25], [0, 4, 10, 16, 20, 27]]
Reward_per_gate : [-10.0, -19.0, -21.0, -6.0, -9.0]
Total_reward    : -65.0

=====  Instance4_DQN  =====
Assignment      : [[3, 6, 11, 18, 23, 28], [0, 5, 12, 15, 20, 27], [4, 9, 14, 19, 24, 29], [1, 7, 10, 16, 22, 25], [2, 8, 13, 17, 21, 26]]
Reward_per_gate : [-99.0, -98.0, -108.0, -88.0, -91.0]
Total_reward    : -484.0

=====  Instance1_greedy  =====
Assignment      : [[0, 5, 10, 15, 20, 25], [1, 6, 11, 16, 21, 26], [2, 7, 12, 17, 22, 27], [3, 8, 13, 18, 23, 28], [4, 9, 14, 19, 24, 29]]
Reward_per_gate : [0.0, 0.0, 0.0, 0.0, 0.0]
Total_reward    : 0.0

=====  Instance2_greedy  =====
Assignment      : [[0, 5, 10, 15, 20, 25], [1, 6, 11, 16, 21, 26], [2, 7, 12, 17, 22, 27], [3, 8, 13, 18, 23, 28], [4, 9, 14, 19, 24, 29]]
Reward_per_gate : [-75.0, -75.0, -75.0, -75.0, -75.0]
Total_reward    : -375.0

=====  Instance3_greedy  =====
Assignment      : [[0, 4, 10, 13, 19, 24], [1, 6, 8, 12, 20, 27], [2, 5, 11, 14, 17, 22, 26], [3, 7, 15, 18, 23, 28, 29], [9, 16, 21, 25]]
Reward_per_gate : [-12.0, -9.0, -14.0, -15.0, -6.0]
Total_reward    : -56.0

=====  Instance4_greedy  =====
Assignment      : [[0, 5, 12, 15, 20, 27], [1, 6, 11, 18, 23, 28], [2, 8, 13, 17, 21, 26], [3, 7, 10, 16, 22, 25], [4, 9, 14, 19, 24, 29]]
Reward_per_gate : [-98.0, -99.0, -91.0, -88.0, -108.0]
Total_reward    : -484.0


**************  Completion  Time: 2022-06-12 00:10:18.098938    **************


**************  Start  Time: 2022-06-12 16:48:47.955001    **************


**************  Start  Time: 2022-06-12 16:49:28.280472    **************


**************  Start  Time: 2022-06-12 16:50:13.959065    **************


**************  Start  Time: 2022-06-12 16:50:45.040641    **************


**************  Start  Time: 2022-06-12 16:51:13.459151    **************


**************  Start  Time: 2022-06-12 18:23:43.310218    **************

=====  Instance1_qlearning_d5  =====
Assignment      : [[0, 1, 2, 3, 4, 5, 6, 7, 8, 9, 10, 11, 12, 13, 14, 15, 16, 17, 18, 19, 20, 21, 22, 23, 24, 25, 26, 27, 28, 29], [], [], [], []]
Reward_per_gate : [-3045.0, 0, 0, 0, 0]
Total_reward    : -3045.0

=====  Instance2_qlearning_d5  =====
Assignment      : [[0, 1, 2, 3, 4, 5, 6, 7, 8, 9, 10, 11, 12, 13, 14, 15, 16, 17, 18, 19, 20, 21, 22, 23, 24, 25, 26, 27, 28, 29], [], [], [], []]
Reward_per_gate : [-5655.0, 0, 0, 0, 0]
Total_reward    : -5655.0

=====  Instance3_qlearning_d5  =====
Assignment      : [[0, 1, 2, 3, 4, 5, 6, 7, 8, 9, 10, 11, 12, 13, 14, 15, 16, 17, 18, 19, 20, 21, 22, 23, 24, 25, 26, 27, 28, 29], [], [], [], []]
Reward_per_gate : [-2891.0, 0, 0, 0, 0]
Total_reward    : -2891.0

=====  Instance4_qlearning_d5  =====
Assignment      : [[0, 1, 2, 3, 4, 5, 6, 7, 8, 9, 10, 11, 12, 13, 14, 15, 16, 17, 18, 19, 20, 21, 22, 23, 24, 25, 26, 27, 28, 29], [], [], [], []]
Reward_per_gate : [-5929.0, 0, 0, 0, 0]
Total_reward    : -5929.0


**************  Start  Time: 2022-06-12 18:23:58.558689    **************

=====  Instance1_qlearning_d5  =====
Assignment      : [[1, 9, 14, 19, 24, 29], [0, 4, 8, 13, 18, 23, 28], [2, 6, 11, 16, 21, 26], [5, 10, 15, 20, 25], [3, 7, 12, 17, 22, 27]]
Reward_per_gate : [0, -4.0, -1.0, 0, -1.0]
Total_reward    : -6.0

=====  Instance2_qlearning_d5  =====
Assignment      : [[0, 6, 12, 17, 19, 24], [3, 9, 16, 20, 23, 29], [4, 10, 13, 15, 25, 28], [1, 5, 7, 14, 21, 26], [2, 8, 11, 18, 22, 27]]
Reward_per_gate : [-69.0, -61.0, -83.0, -89.0, -73.0]
Total_reward    : -375.0

=====  Instance3_qlearning_d5  =====
Assignment      : [[5, 11, 16, 19, 27], [8, 12, 23, 25], [0, 3, 6, 9, 14, 17, 20, 28], [2, 7, 13, 21, 24, 29], [1, 4, 10, 15, 18, 22, 26]]
Reward_per_gate : [-7.0, -5.0, -25.0, -12.0, -27.0]
Total_reward    : -76.0

=====  Instance4_qlearning_d5  =====
Assignment      : [[3, 9, 10, 19, 26], [0, 6, 20, 25, 27, 29], [2, 8, 12, 13, 14, 15, 16, 17, 18], [1, 5, 7, 21, 23], [4, 11, 22, 24, 28]]
Reward_per_gate : [-58.0, -66.0, -360.0, -61.0, -52.0]
Total_reward    : -597.0